
0.138658764751059	
0.0533665787145181	0.161000889039552	
0.584852305649886	0.00677184253227681	7.73739287051356	
0.0264470951166826	0.16720700818221	1.30249856764315e-005	0.014132062548787	
0.353753981649393	3.29271694159791	0.530642655337477	0.145469388422239	0.00254733397966779	
1.4842345032161	0.124897616909194	0.0616521921873234	5.37051127867923	3.91106992668137e-011	1.19562912226203	
1.13231312248046	1.19062446519178	0.322524647863997	1.93483278448943	0.116941459124876	0.108051341246072	1.59309882471598	
0.214757862168721	1.87956993845887	1.38709603234116	0.887570549414031	0.0218446166959521	5.33031341222104	0.256491863423002	0.0587745274250666	
0.149926734229061	0.246117171830255	0.21857197541607	0.0140859174993809	0.00111215807314139	0.0288399502994541	0.0142107118685268	1.62662283098296e-005	0.243190142026506	
0.0231169515264061	0.296045557460629	0.000835873174542931	0.00573068208525287	0.00561362724916376	1.02036695531654	0.016499535540562	0.00651622937676521	0.321611693603646	3.51207228207807	
0.474333610192982	15.3000966197798	2.6468479652886	0.290042980143818	3.83228119049152e-006	2.559587177122	3.88148880863814	0.264148929349066	0.347302791211758	0.227707997165566	0.129223639195248	
0.0587454231508643	0.890162345593224	0.00525168778853117	0.0417629637305017	0.111457310321926	0.190259181297527	0.313974351356074	0.00150046692269255	0.00127350890508147	9.01795420287895	6.74693648486614	1.33129161941264	
0.0804909094320368	0.0160550314767596	0.000836445615590923	1.0600102849456e-006	0.10405366623526	0.0326806570137471	0.00100350082518749	0.00123664495412902	0.119028506158521	1.46335727834648	2.98680003596399	0.319895904499071	0.279910508981581	
0.659311477863896	0.154027179890711	0.0364417719063219	0.188539456415654	1.59312060172652e-013	0.712769599068934	0.319558828428154	0.0386317614553493	0.924466914225534	0.0805433268150369	0.634308520867322	0.195750631825315	0.0568693216513547	0.0071324304661639	
3.01134451903854	0.950138410087378	3.88131053061457	0.338372183381345	0.336263344504404	0.487822498528951	0.307140298031341	1.58564657669139	0.580704249811294	0.290381075260226	0.570766693213698	0.283807671568883	0.00702658828739369	0.996685669575839	2.08738534433198	
5.4182981753166	0.183076905018197	2.14033231636063	0.135481232622983	0.011975265782196	0.60234096342392	0.2801248951174	0.0188080299490973	0.368713573381758	2.90405228596936	0.0449263566753846	1.52696419998775	2.03151132062208	0.000134906239484254	0.54225109402693	2.2068599339404	
0.195966354027106	1.36942940801512	0.000536284040016542	1.4893873721753e-005	0.0941066800969967	0.0440205200833047	0.155245492137294	0.196486447133033	0.0223729191088972	0.0321321499585514	0.431277662888057	4.97641445484395e-005	0.0704600385245663	0.814753093809928	0.000431020702277328	0.0998357527014247	0.207066205546908	
0.0182892882245349	0.0998554972524385	0.373101926513925	0.525398542949365	0.601692431136271	0.0722059354079545	0.104092870343653	0.0748149970972622	6.44895444648517	0.273934263183281	0.340058468374384	0.0124162215506117	0.874272174533394	5.39392424532822	0.000182294881489116	0.392552239890831	0.124898020409882	0.42775543040588	
3.53200526987468	0.103964386383736	0.0102575172450253	0.297123975243582	0.0549045639492389	0.406697814049488	0.285047948309311	0.337229618868315	0.0986313546653266	14.3940521944257	0.890598579382591	0.0731279296372675	4.90484223478739	0.592587985458668	0.0589719751511691	0.0882564232979724	0.654109108255219	0.256900461407996	0.167581646770807	

0.0470718	0.0509102	0.0742143	0.0478596	0.0250216	0.0333036	0.0545874	0.0763734	0.0199642	0.0671336	0.0714981	0.0567845	0.0181507	0.0304961	0.0506561	0.0884091	0.0743386	0.0185237	0.0314741	0.0632292	
