
0.735790389698 
0.485391055466 1.297446705134 
0.543161820899 0.500964408555 3.180100048216 
1.45999531047 0.227826574209 0.397358949897 0.240836614802 
1.199705704602 3.020833610064 1.839216146992 1.190945703396 0.32980150463 
1.1709490428 1.36057419042 1.24048850864 3.761625208368 0.140748891814 5.528919177928 
1.95588357496 0.418763308518 1.355872344485 0.798473248968 0.418203192284 0.609846305383 0.423579992176 
0.716241444998 1.456141166336 2.414501434208 0.778142664022 0.354058109831 2.43534113114 1.626891056982 0.539859124954 
0.605899003687 0.232036445142 0.283017326278 0.418555732462 0.774894022794 0.236202451204 0.186848046932 0.189296292376 0.252718447885 
0.800016530518 0.622711669692 0.211888159615 0.218131577594 0.831842640142 0.580737093181 0.372625175087 0.217721159236 0.348072209797 3.890963773304 
1.295201266783 5.411115141489 1.593137043457 1.032447924952 0.285078800906 3.945277674515 2.802427151679 0.752042440303 1.022507035889 0.406193586642 0.445570274261 
1.253758266664 0.983692987457 0.648441278787 0.222621897958 0.76768882348 2.494896077113 0.55541539747 0.459436173579 0.984311525359 3.364797763104 6.030559379572 1.073061184332 
0.492964679748 0.371644693209 0.354861249223 0.281730694207 0.441337471187 0.14435695975 0.291409084165 0.368166464453 0.714533703928 1.517359325954 2.064839703237 0.266924750511 1.77385516883 
1.173275900924 0.448133661718 0.494887043702 0.730628272998 0.356008498769 0.858570575674 0.926563934846 0.504086599527 0.527007339151 0.388355409206 0.374555687471 1.047383450722 0.454123625103 0.233597909629 
4.325092687057 1.12278310421 2.904101656456 1.582754142065 1.197188415094 1.934870924596 1.769893238937 1.509326253224 1.11702976291 0.35754441246 0.352969184527 1.752165917819 0.918723415746 0.540027644824 1.169129577716 
1.729178019485 0.914665954563 1.898173634533 0.934187509431 1.119831358516 1.277480294596 1.071097236007 0.641436011405 0.585407090225 1.17909119726 0.915259857694 1.303875200799 1.488548053722 0.488206118793 1.005451683149 5.15155629227 
0.465839367725 0.426382310122 0.191482046247 0.145345046279 0.527664418872 0.758653808642 0.407635648938 0.508358924638 0.30124860078 0.34198578754 0.6914746346 0.332243040634 0.888101098152 2.074324893497 0.252214830027 0.387925622098 0.513128126891 
0.718206697586 0.720517441216 0.538222519037 0.261422208965 0.470237733696 0.95898974285 0.596719300346 0.308055737035 4.218953969389 0.674617093228 0.811245856323 0.7179934869 0.951682162246 6.747260430801 0.369405319355 0.796751520761 0.801010243199 4.054419006558 
2.187774522005 0.438388343772 0.312858797993 0.258129289418 1.116352478606 0.530785790125 0.524253846338 0.25334079019 0.20155597175 8.311839405458 2.231405688913 0.498138475304 2.575850755315 0.838119610178 0.496908410676 0.561925457442 2.253074051176 0.266508731426 1 

0.074 0.052 0.045 0.054 0.025 0.034 0.054 0.074 0.026 0.068 0.099 0.058 0.025 0.047 0.039 0.057 0.051 0.013 0.032 0.073
